{
 "cells": [
  {
   "cell_type": "code",
   "execution_count": 2,
   "id": "1f2d02eb-cbac-4cd4-986d-6059ad44b59f",
   "metadata": {},
   "outputs": [
    {
     "name": "stdout",
     "output_type": "stream",
     "text": [
      "     sepal_length  sepal_width  petal_length  petal_width    species\n",
      "0             5.1          3.5           1.4          0.2     setosa\n",
      "1             4.9          3.0           1.4          0.2     setosa\n",
      "2             4.7          3.2           1.3          0.2     setosa\n",
      "3             4.6          3.1           1.5          0.2     setosa\n",
      "4             5.0          3.6           1.4          0.2     setosa\n",
      "..            ...          ...           ...          ...        ...\n",
      "145           6.7          3.0           5.2          2.3  virginica\n",
      "146           6.3          2.5           5.0          1.9  virginica\n",
      "147           6.5          3.0           5.2          2.0  virginica\n",
      "148           6.2          3.4           5.4          2.3  virginica\n",
      "149           5.9          3.0           5.1          1.8  virginica\n",
      "\n",
      "[150 rows x 5 columns]\n"
     ]
    }
   ],
   "source": [
    "import seaborn as sns\n",
    "import pandas as pd\n",
    "import numpy as np\n",
    "import matplotlib.pyplot as plt\n",
    "data = sns.load_dataset('iris')\n",
    "print(data)"
   ]
  },
  {
   "cell_type": "code",
   "execution_count": 3,
   "id": "c7c0c1df-55a7-45f9-b669-5af7722ad2b4",
   "metadata": {},
   "outputs": [
    {
     "name": "stdout",
     "output_type": "stream",
     "text": [
      "              sepal_length  sepal_width  petal_length  petal_width\n",
      "sepal_length      0.685694    -0.042434      1.274315     0.516271\n",
      "sepal_width      -0.042434     0.189979     -0.329656    -0.121639\n",
      "petal_length      1.274315    -0.329656      3.116278     1.295609\n",
      "petal_width       0.516271    -0.121639      1.295609     0.581006\n",
      "              sepal_length  sepal_width  petal_length  petal_width\n",
      "sepal_length      1.000000    -0.117570      0.871754     0.817941\n",
      "sepal_width      -0.117570     1.000000     -0.428440    -0.366126\n",
      "petal_length      0.871754    -0.428440      1.000000     0.962865\n",
      "petal_width       0.817941    -0.366126      0.962865     1.000000\n"
     ]
    }
   ],
   "source": [
    "data1 = data.drop('species', axis = 1)\n",
    "print(data1.cov())\n",
    "print(data1.corr())"
   ]
  },
  {
   "cell_type": "code",
   "execution_count": null,
   "id": "b4735636-464c-4aba-9a1b-2fef5f013368",
   "metadata": {},
   "outputs": [],
   "source": []
  }
 ],
 "metadata": {
  "kernelspec": {
   "display_name": "Python 3 (ipykernel)",
   "language": "python",
   "name": "python3"
  },
  "language_info": {
   "codemirror_mode": {
    "name": "ipython",
    "version": 3
   },
   "file_extension": ".py",
   "mimetype": "text/x-python",
   "name": "python",
   "nbconvert_exporter": "python",
   "pygments_lexer": "ipython3",
   "version": "3.13.2"
  }
 },
 "nbformat": 4,
 "nbformat_minor": 5
}
